   0.00000000       1.00000000    
   2.09439509E-02  0.999780655    
   4.18879017E-02  0.999122679    
   6.28318489E-02  0.998026073    
   8.37758034E-02  0.996490836    
  0.104719758      0.994516909    
  0.125663698      0.992104292    
  0.146607652      0.989253104    
  0.167551607      0.985963225    
  0.188495561      0.982234716    
  0.209439516      0.978067517    
  0.230383456      0.973461747    
  0.251327395      0.968417287    
  0.272271365      0.962934136    
  0.293215305      0.957012415    
  0.314159274      0.950652003    
  0.335103214      0.943852901    
  0.356047153      0.936615229    
  0.376991123      0.928938866    
  0.397935063      0.920823812    
  0.418879032      0.912270188    
  0.439822972      0.903277874    
  0.460766912      0.893846929    
  0.481710881      0.883977294    
  0.502654791      0.873669088    
  0.523598790      0.862922132    
  0.544542730      0.851736605    
  0.565486670      0.840112448    
  0.586430609      0.828049541    
  0.607374549      0.815548062    
  0.628318548      0.802607894    
  0.649262488      0.789229095    
  0.670206428      0.775411665    
  0.691150367      0.761155605    
  0.712094307      0.746460855    
  0.733038306      0.731327415    
  0.753982246      0.715755343    
  0.774926186      0.699744701    
  0.795870125      0.683295369    
  0.816814065      0.666407406    
  0.837758064      0.649080753    
  0.858702004      0.631315470    
  0.879645944      0.613111496    
  0.900589883      0.594468951    
  0.921533823      0.575387716    
  0.942477763      0.555867791    
  0.963421762      0.535909295    
  0.984365702      0.515512109    
   1.00530958      0.494676352    
   1.02625358      0.473401785    
   1.04719758      0.451688588    
   1.06814146      0.429536939    
   1.08908546      0.406946421    
   1.11002934      0.383917451    
   1.13097334      0.360449672    
   1.15191734      0.336543202    
   1.17286122      0.312198281    
   1.19380522      0.287414551    
   1.21474910      0.262192309    
   1.23569310      0.236531258    
   1.25663710      0.210431576    
   1.27758098      0.183893442    
   1.29852498      0.156916440    
   1.31946886      0.129500985    
   1.34041286      0.101646662    
   1.36135685       7.33537674E-02
   1.38230073       4.46223617E-02
   1.40324473       1.54520869E-02
   1.42418861      -1.41565800E-02
   1.44513261      -4.42041159E-02
   1.46607661      -7.46903419E-02
   1.48702049     -0.105615020    
   1.50796449     -0.136978507    
   1.52890837     -0.168780446    
   1.54985237     -0.201021194    
   1.57079637     -0.233700633    
   1.59174025     -0.266818523    
   1.61268425     -0.300375223    
   1.63362813     -0.334370375    
   1.65457213     -0.368804455    
   1.67551613     -0.403677106    
   1.69646001     -0.438988328    
   1.71740401     -0.474738240    
   1.73834789     -0.510926723    
   1.75929189     -0.547554016    
   1.78023577     -0.584619641    
   1.80117977     -0.622124314    
   1.82212377     -0.660067558    
   1.84306765     -0.698449135    
   1.86401165     -0.737269759    
   1.88495553     -0.776528716    
   1.90589952     -0.816226482    
   1.92684352     -0.856362939    
   1.94778740     -0.896937847    
   1.96873140     -0.937951684    
   1.98967528     -0.979403853    
   2.01061916      -1.02129459    
   2.03156328      -1.06362462    
   2.05250716      -1.10639286    
   2.07345104      -1.14959955    
   2.09439516      -1.19324565    
   2.11533904      -1.23732972    
   2.13628292      -1.28185225    
   2.15722704      -1.32681417    
   2.17817092      -1.37221432    
   2.19911480      -1.41805291    
   2.22005868      -1.46433020    
   2.24100280      -1.51104689    
   2.26194668      -1.55820131    
   2.28289056      -1.60579467    
   2.30383468      -1.65382719    
   2.32477856      -1.70229769    
   2.34572244      -1.75120687    
   2.36666656      -1.80055523    
   2.38761044      -1.85034180    
   2.40855432      -1.90056705    
   2.42949820      -1.95123076    
   2.45044231      -2.00233388    
   2.47138619      -2.05387497    
   2.49233007      -2.10585451    
   2.51327419      -2.15827370    
   2.53421807      -2.21113062    
   2.55516195      -2.26442623    
   2.57610607      -2.31816125    
   2.59704995      -2.37233424    
   2.61799383      -2.42694592    
   2.63893771      -2.48199606    
   2.65988183      -2.53748560    
   2.68082571      -2.59341335    
   2.70176959      -2.64977956    
   2.72271371      -2.70658493    
   2.74365759      -2.76382852    
   2.76460147      -2.82151055    
   2.78554535      -2.87963152    
   2.80648947      -2.93819165    
   2.82743335      -2.99718976    
   2.84837723      -3.05662632    
   2.86932135      -3.11650229    
   2.89026523      -3.17681646    
   2.91120911      -3.23756933    
   2.93215322      -3.29876137    
   2.95309711      -3.36039114    
   2.97404099      -3.42246008    
   2.99498487      -3.48496723    
   3.01592898      -3.54791403    
   3.03687286      -3.61129856    
   3.05781674      -3.67512178    
   3.07876086      -3.73938417    
   3.09970474      -3.80408478    
   3.12064862      -3.86922407    
   3.14159274      -3.93480253    
   3.16253662      -4.00081873    
   3.18348050      -4.06727409    
   3.20442438      -4.13416767    
   3.22536850      -4.20150089    
   3.24631238      -4.26927185    
   3.26725626      -4.33748150    
   3.28820038      -4.40613079    
   3.30914426      -4.47521782    
   3.33008814      -4.54474354    
   3.35103226      -4.61470842    
   3.37197614      -4.68511152    
   3.39292002      -4.75595331    
   3.41386390      -4.82723331    
   3.43480802      -4.89895296    
   3.45575190      -4.97111082    
   3.47669578      -5.04370689    
   3.49763989      -5.11674261    
   3.51858377      -5.19021606    
   3.53952765      -5.26412821    
   3.56047153      -5.33847857    
   3.58141565      -5.41326904    
   3.60235953      -5.48849726    
   3.62330341      -5.56416368    
   3.64424753      -5.64027023    
   3.66519141      -5.71681404    
   3.68613529      -5.79379654    
   3.70707941      -5.87121868    
   3.72802329      -5.94907904    
   3.74896717      -6.02737761    
   3.76991105      -6.10611486    
   3.79085517      -6.18529129    
   3.81179905      -6.26490593    
   3.83274293      -6.34495926    
   3.85368705      -6.42545176    
   3.87463093      -6.50638247    
   3.89557481      -6.58775139    
   3.91651893      -6.66956043    
   3.93746281      -6.75180674    
   3.95840669      -6.83449173    
   3.97935057      -6.91761541    
   4.00029469      -7.00117874    
   4.02123833      -7.08517838    
   4.04218245      -7.16961956    
   4.06312656      -7.25449848    
   4.08407021      -7.33981514    
   4.10501432      -7.42557144    
   4.12595844      -7.51176643    
   4.14690208      -7.59839821    
   4.16784620      -7.68547058    
   4.18879032      -7.77298260    
   4.20973396      -7.86093044    
   4.23067808      -7.94931889    
   4.25162220      -8.03814602    
   4.27256584      -8.12740898    
   4.29350996      -8.21711349    
   4.31445408      -8.30725670    
   4.33539772      -8.39783669    
   4.35634184      -8.48885727    
   4.37728596      -8.58031654    
   4.39822960      -8.67221165    
   4.41917372      -8.76454830    
   4.44011736      -8.85732079    
   4.46106148      -8.95053482    
   4.48200560      -9.04418755    
   4.50294924      -9.13827610    
   4.52389336      -9.23280525    
   4.54483747      -9.32777405    
   4.56578112      -9.42317867    
   4.58672523      -9.51902390    
   4.60766935      -9.61530876    
   4.62861300      -9.71202946    
   4.64955711      -9.80919075    
   4.67050123      -9.90679073    
   4.69144487      -10.0048275    
   4.71238899      -10.1033049    
   4.73333311      -10.2022209    
   4.75427675      -10.3015738    
   4.77522087      -10.4013672    
   4.79616451      -10.5015974    
   4.81710863      -10.6022682    
   4.83805275      -10.7033768    
   4.85899639      -10.8049231    
   4.87994051      -10.9069099    
   4.90088463      -11.0093355    
   4.92182827      -11.1121969    
   4.94277239      -11.2154999    
   4.96371651      -11.3192406    
   4.98466015      -11.4234180    
   5.00560427      -11.5280371    
   5.02654839      -11.6330948    
   5.04749203      -11.7385883    
   5.06843615      -11.8445225    
   5.08938026      -11.9508953    
   5.11032391      -12.0577049    
   5.13126802      -12.1649561    
   5.15221214      -12.2726450    
   5.17315578      -12.3807707    
   5.19409990      -12.4893370    
   5.21504354      -12.5983400    
   5.23598766      -12.7077837    
   5.25693178      -12.8176661    
   5.27787542      -12.9279842    
   5.29881954      -13.0387440    
   5.31976366      -13.1499424    
   5.34070730      -13.2615776    
   5.36165142      -13.3736534    
   5.38259554      -13.4861670    
   5.40353918      -13.5991182    
   5.42448330      -13.7125092    
   5.44542742      -13.8263397    
   5.46637106      -13.9406061    
   5.48731518      -14.0553141    
   5.50825930      -14.1704607    
   5.52920294      -14.2860422    
   5.55014706      -14.4020662    
   5.57109070      -14.5185261    
   5.59203482      -14.6354265    
   5.61297894      -14.7527666    
   5.63392258      -14.8705416    
   5.65486670      -14.9887590    
   5.67581081      -15.1074142    
   5.69675446      -15.2265053    
   5.71769857      -15.3460388    
   5.73864269      -15.4660091    
   5.75958633      -15.5864182    
   5.78053045      -15.7072659    
   5.80147457      -15.8285542    
   5.82241821      -15.9502773    
   5.84336233      -16.0724411    
   5.86430645      -16.1950455    
   5.88525009      -16.3180847    
   5.90619421      -16.4415646    
   5.92713833      -16.5654850    
   5.94808197      -16.6898403    
   5.96902609      -16.8146362    
   5.98996973      -16.9398689    
   6.01091385      -17.0655422    
   6.03185797      -17.1916561    
   6.05280161      -17.3182030    
   6.07374573      -17.4451942    
   6.09468985      -17.5726223    
   6.11563349      -17.7004871    
   6.13657761      -17.8287926    
   6.15752172      -17.9575367    
   6.17846537      -18.0867176    
   6.19940948      -18.2163391    
   6.22035360      -18.3463993    
   6.24129725      -18.4768963    
   6.26224136      -18.6078339    
   6.28318548      -18.7392101    
