   0.00000000       0.00000000    
   2.09439509E-02   4.18756492E-02
   4.18879017E-02   8.36778432E-02
   6.28318489E-02  0.125333220    
   8.37758034E-02  0.166768745    
  0.104719758      0.207911700    
  0.125663698      0.248689845    
  0.146607652      0.289031774    
  0.167551607      0.328866631    
  0.188495561      0.368124574    
  0.209439516      0.406736642    
  0.230383456      0.444635183    
  0.251327395      0.481753647    
  0.272271365      0.518027008    
  0.293215305      0.553391516    
  0.314159274      0.587785244    
  0.335103214      0.621147752    
  0.356047153      0.653420627    
  0.376991123      0.684547126    
  0.397935063      0.714472711    
  0.418879032      0.743144810    
  0.439822972      0.770513237    
  0.460766912      0.796529830    
  0.481710881      0.821149290    
  0.502654791      0.844327927    
  0.523598790      0.866025448    
  0.544542730      0.886203587    
  0.565486670      0.904827058    
  0.586430609      0.921863139    
  0.607374549      0.937281966    
  0.628318548      0.951056480    
  0.649262488      0.963162541    
  0.670206428      0.973578870    
  0.691150367      0.982287228    
  0.712094307      0.989272296    
  0.733038306      0.994521856    
  0.753982246      0.998026729    
  0.774926186      0.999780715    
  0.795870125      0.999780715    
  0.816814065      0.998026729    
  0.837758064      0.994521856    
  0.858702004      0.989272356    
  0.879645944      0.982287288    
  0.900589883      0.973578930    
  0.921533823      0.963162601    
  0.942477763      0.951056540    
  0.963421762      0.937281907    
  0.984365702      0.921863139    
   1.00530958      0.904827118    
   1.02625358      0.886203587    
   1.04719758      0.866025448    
   1.06814146      0.844327986    
   1.08908546      0.821149170    
   1.11002934      0.796530008    
   1.13097334      0.770513237    
   1.15191734      0.743144810    
   1.17286122      0.714472711    
   1.19380522      0.684547067    
   1.21474910      0.653420746    
   1.23569310      0.621147811    
   1.25663710      0.587785184    
   1.27758098      0.553391635    
   1.29852498      0.518027008    
   1.31946886      0.481753796    
   1.34041286      0.444635212    
   1.36135685      0.406736612    
   1.38230073      0.368124604    
   1.40324473      0.328866601    
   1.42418861      0.289031923    
   1.44513261      0.248689905    
   1.46607661      0.207911611    
   1.48702049      0.166768804    
   1.50796449      0.125333190    
   1.52890837       8.36779475E-02
   1.54985237       4.18756641E-02
   1.57079637      -8.74227766E-08
   1.59174025      -4.18756008E-02
   1.61268425      -8.36778805E-02
   1.63362813     -0.125333130    
   1.65457213     -0.166768745    
   1.67551613     -0.207911775    
   1.69646001     -0.248689830    
   1.71740401     -0.289031863    
   1.73834789     -0.328866541    
   1.75929189     -0.368124545    
   1.78023577     -0.406736523    
   1.80117977     -0.444635123    
   1.82212377     -0.481753737    
   1.84306765     -0.518026948    
   1.86401165     -0.553391516    
   1.88495553     -0.587785184    
   1.90589952     -0.621147811    
   1.92684352     -0.653420627    
   1.94778740     -0.684547067    
   1.96873140     -0.714472651    
   1.98967528     -0.743144691    
   2.01061916     -0.770513058    
   2.03156328     -0.796529949    
   2.05250716     -0.821149230    
   2.07345104     -0.844327867    
   2.09439516     -0.866025448    
   2.11533904     -0.886203587    
   2.13628292     -0.904826999    
   2.15722704     -0.921863198    
   2.17817092     -0.937282026    
   2.19911480     -0.951056480    
   2.22005868     -0.963162422    
   2.24100280     -0.973578930    
   2.26194668     -0.982287228    
   2.28289056     -0.989272237    
   2.30383468     -0.994521856    
   2.32477856     -0.998026729    
   2.34572244     -0.999780715    
   2.36666656     -0.999780715    
   2.38761044     -0.998026729    
   2.40855432     -0.994521916    
   2.42949820     -0.989272356    
   2.45044231     -0.982287228    
   2.47138619     -0.973578870    
   2.49233007     -0.963162601    
   2.51327419     -0.951056480    
   2.53421807     -0.937282026    
   2.55516195     -0.921863198    
   2.57610607     -0.904826999    
   2.59704995     -0.886203587    
   2.61799383     -0.866025448    
   2.63893771     -0.844328046    
   2.65988183     -0.821149170    
   2.68082571     -0.796529949    
   2.70176959     -0.770513356    
   2.72271371     -0.743144751    
   2.74365759     -0.714472711    
   2.76460147     -0.684547246    
   2.78554535     -0.653420866    
   2.80648947     -0.621147692    
   2.82743335     -0.587785304    
   2.84837723     -0.553391695    
   2.86932135     -0.518026948    
   2.89026523     -0.481753677    
   2.91120911     -0.444635361    
   2.93215322     -0.406736523    
   2.95309711     -0.368124545    
   2.97404099     -0.328866750    
   2.99498487     -0.289032042    
   3.01592898     -0.248689815    
   3.03687286     -0.207911760    
   3.05781674     -0.166768968    
   3.07876086     -0.125333115    
   3.09970474      -8.36778581E-02
   3.12064862      -4.18758094E-02
   3.14159274       1.74845553E-07
   3.16253662       4.18756828E-02
   3.18348050       8.36777315E-02
   3.20442438      0.125332996    
   3.22536850      0.166768834    
   3.24631238      0.207911640    
   3.26725626      0.248689666    
   3.28820038      0.289031923    
   3.30914426      0.328866631    
   3.33008814      0.368124396    
   3.35103226      0.406736821    
   3.37197614      0.444635242    
   3.39292002      0.481753588    
   3.41386390      0.518026769    
   3.43480802      0.553391635    
   3.45575190      0.587785184    
   3.47669578      0.621147633    
   3.49763989      0.653420687    
   3.51858377      0.684547126    
   3.53952765      0.714472592    
   3.56047153      0.743144631    
   3.58141565      0.770513237    
   3.60235953      0.796529889    
   3.62330341      0.821149051    
   3.64424753      0.844328046    
   3.66519141      0.866025448    
   3.68613529      0.886203468    
   3.70707941      0.904827118    
   3.72802329      0.921863139    
   3.74896717      0.937281966    
   3.76991105      0.951056421    
   3.79085517      0.963162601    
   3.81179905      0.973578870    
   3.83274293      0.982287169    
   3.85368705      0.989272296    
   3.87463093      0.994521916    
   3.89557481      0.998026729    
   3.91651893      0.999780715    
   3.93746281      0.999780715    
   3.95840669      0.998026729    
   3.97935057      0.994521976    
   4.00029469      0.989272356    
   4.02123833      0.982287407    
   4.04218245      0.973578990    
   4.06312656      0.963162541    
   4.08407021      0.951056659    
   4.10501432      0.937282085    
   4.12595844      0.921863079    
   4.14690208      0.904827237    
   4.16784620      0.886203647    
   4.18879032      0.866025329    
   4.20973396      0.844328225    
   4.23067808      0.821149230    
   4.25162220      0.796529710    
   4.27256584      0.770513475    
   4.29350996      0.743144810    
   4.31445408      0.714472413    
   4.33539772      0.684547365    
   4.35634184      0.653420508    
   4.37728596      0.621147454    
   4.39822960      0.587785482    
   4.41917372      0.553391457    
   4.44011736      0.518027484    
   4.46106148      0.481753826    
   4.48200560      0.444635034    
   4.50294924      0.406737059    
   4.52389336      0.368124664    
   4.54483747      0.328866452    
   4.56578112      0.289032191    
   4.58672523      0.248689964    
   4.60766935      0.207911432    
   4.62861300      0.166769117    
   4.64955711      0.125333250    
   4.67050123       8.36775303E-02
   4.69144487       4.18759659E-02
   4.71238899      -2.38497613E-08
   4.73333311      -4.18760106E-02
   4.75427675      -8.36775824E-02
   4.77522087     -0.125333309    
   4.79616451     -0.166768208    
   4.81710863     -0.207911491    
   4.83805275     -0.248690009    
   4.85899639     -0.289031327    
   4.87994051     -0.328866512    
   4.90088463     -0.368124753    
   4.92182827     -0.406736225    
   4.94277239     -0.444635093    
   4.96371651     -0.481753856    
   4.98466015     -0.518026710    
   5.00560427     -0.553391516    
   5.02654839     -0.587785482    
   5.04749203     -0.621147513    
   5.06843615     -0.653420568    
   5.08938026     -0.684547365    
   5.11032391     -0.714472473    
   5.13126802     -0.743144870    
   5.15221214     -0.770513535    
   5.17315578     -0.796529770    
   5.19409990     -0.821149290    
   5.21504354     -0.844327629    
   5.23598766     -0.866025388    
   5.25693178     -0.886203647    
   5.27787542     -0.904826880    
   5.29881954     -0.921863079    
   5.31976366     -0.937282085    
   5.34070730     -0.951056302    
   5.36165142     -0.963162541    
   5.38259554     -0.973578990    
   5.40353918     -0.982287109    
   5.42448330     -0.989272356    
   5.44542742     -0.994521856    
   5.46637106     -0.998026729    
   5.48731518     -0.999780715    
   5.50825930     -0.999780715    
   5.52920294     -0.998026729    
   5.55014706     -0.994521856    
   5.57109070     -0.989272416    
   5.59203482     -0.982287347    
   5.61297894     -0.973578870    
   5.63392258     -0.963162720    
   5.65486670     -0.951056600    
   5.67581081     -0.937281966    
   5.69675446     -0.921863317    
   5.71769857     -0.904827118    
   5.73864269     -0.886203468    
   5.75958633     -0.866025567    
   5.78053045     -0.844327927    
   5.80147457     -0.821149051    
   5.82241821     -0.796530068    
   5.84336233     -0.770513237    
   5.86430645     -0.743144631    
   5.88525009     -0.714472890    
   5.90619421     -0.684547067    
   5.92713833     -0.653420329    
   5.94808197     -0.621147990    
   5.96902609     -0.587785125    
   5.98996973     -0.553391993    
   6.01091385     -0.518027186    
   6.03185797     -0.481753528    
   6.05280161     -0.444635600    
   6.07374573     -0.406736761    
   6.09468985     -0.368124366    
   6.11563349     -0.328867048    
   6.13657761     -0.289031863    
   6.15752172     -0.248689666    
   6.17846537     -0.207912073    
   6.19940948     -0.166768789    
   6.22035360     -0.125332952    
   6.24129725      -8.36781636E-02
   6.26224136      -4.18756381E-02
   6.28318548       3.49691106E-07
