   0.00000000       0.00000000    
   6.28318563E-02   6.27905205E-02
  0.125663713      0.125333235    
  0.188495576      0.187381327    
  0.251327425      0.248689905    
  0.314159274      0.309017003    
  0.376991153      0.368124574    
  0.439823002      0.425779313    
  0.502654850      0.481753707    
  0.565486729      0.535826862    
  0.628318548      0.587785244    
  0.691150427      0.637424052    
  0.753982306      0.684547126    
  0.816814125      0.728968680    
  0.879646003      0.770513296    
  0.942477822      0.809017003    
   1.00530970      0.844327927    
   1.06814158      0.876306713    
   1.13097346      0.904827118    
   1.19380522      0.929776490    
   1.25663710      0.951056540    
   1.31946898      0.968583167    
   1.38230085      0.982287288    
   1.44513273      0.992114723    
   1.50796461      0.998026729    
   1.57079637       1.00000000    
   1.63362825      0.998026729    
   1.69646013      0.992114663    
   1.75929201      0.982287228    
   1.82212389      0.968583107    
   1.88495564      0.951056480    
   1.94778752      0.929776430    
   2.01061940      0.904826999    
   2.07345128      0.876306593    
   2.13628316      0.844327867    
   2.19911504      0.809016883    
   2.26194692      0.770513117    
   2.32477880      0.728968441    
   2.38761044      0.684547067    
   2.45044231      0.637423933    
   2.51327419      0.587785184    
   2.57610607      0.535826743    
   2.63893795      0.481753558    
   2.70176983      0.425779164    
   2.76460171      0.368124396    
   2.82743359      0.309016794    
   2.89026546      0.248689666    
   2.95309734      0.187381074    
   3.01592922      0.125332966    
   3.07876086       6.27904609E-02
   3.14159274      -8.74227766E-08
   3.20442462      -6.27906322E-02
   3.26725650     -0.125333369    
   3.33008838     -0.187381476    
   3.39292026     -0.248690069    
   3.45575213     -0.309017211    
   3.51858401     -0.368124783    
   3.58141589     -0.425779521    
   3.64424777     -0.481753916    
   3.70707941     -0.535826862    
   3.76991129     -0.587785363    
   3.83274317     -0.637424111    
   3.89557505     -0.684547246    
   3.95840693     -0.728968740    
   4.02123880     -0.770513356    
   4.08407068     -0.809017122    
   4.14690256     -0.844328046    
   4.20973444     -0.876306832    
   4.27256632     -0.904827178    
   4.33539820     -0.929776609    
   4.39823008     -0.951056600    
   4.46106195     -0.968583286    
   4.52389383     -0.982287347    
   4.58672571     -0.992114782    
   4.64955759     -0.998026729    
   4.71238899      -1.00000000    
   4.77522087     -0.998026729    
   4.83805275     -0.992114723    
   4.90088463     -0.982287228    
   4.96371651     -0.968583107    
   5.02654839     -0.951056480    
   5.08938026     -0.929776430    
   5.15221214     -0.904826999    
   5.21504402     -0.876306593    
   5.27787590     -0.844327807    
   5.34070778     -0.809016824    
   5.40353966     -0.770513058    
   5.46637154     -0.728968382    
   5.52920341     -0.684546828    
   5.59203529     -0.637423694    
   5.65486717     -0.587784946    
   5.71769905     -0.535826445    
   5.78053093     -0.481753290    
   5.84336281     -0.425778866    
   5.90619469     -0.368124098    
   5.96902657     -0.309016496    
   6.03185844     -0.248689353    
   6.09468985     -0.187381223    
   6.15752172     -0.125333115    
   6.22035360      -6.27903715E-02
   6.28318548       1.74845553E-07
