   0.00000000       0.00000000    
   2.09439509E-02   2.09439509E-02
   4.18879017E-02   4.18879017E-02
   6.28318489E-02   6.28318489E-02
   8.37758034E-02   8.37758034E-02
  0.104719758      0.104719758    
  0.125663698      0.125663698    
  0.146607652      0.146607652    
  0.167551607      0.167551607    
  0.188495561      0.188495561    
  0.209439516      0.209439516    
  0.230383456      0.230383456    
  0.251327395      0.251327395    
  0.272271365      0.272271365    
  0.293215305      0.293215305    
  0.314159274      0.314159274    
  0.335103214      0.335103214    
  0.356047153      0.356047153    
  0.376991123      0.376991123    
  0.397935063      0.397935063    
  0.418879032      0.418879032    
  0.439822972      0.439822972    
  0.460766912      0.460766912    
  0.481710881      0.481710881    
  0.502654791      0.502654791    
  0.523598790      0.523598790    
  0.544542730      0.544542730    
  0.565486670      0.565486670    
  0.586430609      0.586430609    
  0.607374549      0.607374549    
  0.628318548      0.628318548    
  0.649262488      0.649262488    
  0.670206428      0.670206428    
  0.691150367      0.691150367    
  0.712094307      0.712094307    
  0.733038306      0.733038306    
  0.753982246      0.753982246    
  0.774926186      0.774926186    
  0.795870125      0.795870125    
  0.816814065      0.816814065    
  0.837758064      0.837758064    
  0.858702004      0.858702004    
  0.879645944      0.879645944    
  0.900589883      0.900589883    
  0.921533823      0.921533823    
  0.942477763      0.942477763    
  0.963421762      0.963421762    
  0.984365702      0.984365702    
   1.00530958       1.00530958    
   1.02625358       1.02625358    
   1.04719758       1.04719758    
   1.06814146       1.06814146    
   1.08908546       1.08908546    
   1.11002934       1.11002934    
   1.13097334       1.13097334    
   1.15191734       1.15191734    
   1.17286122       1.17286122    
   1.19380522       1.19380522    
   1.21474910       1.21474910    
   1.23569310       1.23569310    
   1.25663710       1.25663710    
   1.27758098       1.27758098    
   1.29852498       1.29852498    
   1.31946886       1.31946886    
   1.34041286       1.34041286    
   1.36135685       1.36135685    
   1.38230073       1.38230073    
   1.40324473       1.40324473    
   1.42418861       1.42418861    
   1.44513261       1.44513261    
   1.46607661       1.46607661    
   1.48702049       1.48702049    
   1.50796449       1.50796449    
   1.52890837       1.52890837    
   1.54985237       1.54985237    
   1.57079637       1.57079637    
   1.59174025       1.59174025    
   1.61268425       1.61268425    
   1.63362813       1.63362813    
   1.65457213       1.65457213    
   1.67551613       1.67551613    
   1.69646001       1.69646001    
   1.71740401       1.71740401    
   1.73834789       1.73834789    
   1.75929189       1.75929189    
   1.78023577       1.78023577    
   1.80117977       1.80117977    
   1.82212377       1.82212377    
   1.84306765       1.84306765    
   1.86401165       1.86401165    
   1.88495553       1.88495553    
   1.90589952       1.90589952    
   1.92684352       1.92684352    
   1.94778740       1.94778740    
   1.96873140       1.96873140    
   1.98967528       1.98967528    
   2.01061916       2.01061916    
   2.03156328       2.03156328    
   2.05250716       2.05250716    
   2.07345104       2.07345104    
   2.09439516       2.09439516    
   2.11533904       2.11533904    
   2.13628292       2.13628292    
   2.15722704       2.15722704    
   2.17817092       2.17817092    
   2.19911480       2.19911480    
   2.22005868       2.22005868    
   2.24100280       2.24100280    
   2.26194668       2.26194668    
   2.28289056       2.28289056    
   2.30383468       2.30383468    
   2.32477856       2.32477856    
   2.34572244       2.34572244    
   2.36666656       2.36666656    
   2.38761044       2.38761044    
   2.40855432       2.40855432    
   2.42949820       2.42949820    
   2.45044231       2.45044231    
   2.47138619       2.47138619    
   2.49233007       2.49233007    
   2.51327419       2.51327419    
   2.53421807       2.53421807    
   2.55516195       2.55516195    
   2.57610607       2.57610607    
   2.59704995       2.59704995    
   2.61799383       2.61799383    
   2.63893771       2.63893771    
   2.65988183       2.65988183    
   2.68082571       2.68082571    
   2.70176959       2.70176959    
   2.72271371       2.72271371    
   2.74365759       2.74365759    
   2.76460147       2.76460147    
   2.78554535       2.78554535    
   2.80648947       2.80648947    
   2.82743335       2.82743335    
   2.84837723       2.84837723    
   2.86932135       2.86932135    
   2.89026523       2.89026523    
   2.91120911       2.91120911    
   2.93215322       2.93215322    
   2.95309711       2.95309711    
   2.97404099       2.97404099    
   2.99498487       2.99498487    
   3.01592898       3.01592898    
   3.03687286       3.03687286    
   3.05781674       3.05781674    
   3.07876086       3.07876086    
   3.09970474       3.09970474    
   3.12064862       3.12064862    
   3.14159274       3.14159274    
   3.16253662       3.16253662    
   3.18348050       3.18348050    
   3.20442438       3.20442438    
   3.22536850       3.22536850    
   3.24631238       3.24631238    
   3.26725626       3.26725626    
   3.28820038       3.28820038    
   3.30914426       3.30914426    
   3.33008814       3.33008814    
   3.35103226       3.35103226    
   3.37197614       3.37197614    
   3.39292002       3.39292002    
   3.41386390       3.41386390    
   3.43480802       3.43480802    
   3.45575190       3.45575190    
   3.47669578       3.47669578    
   3.49763989       3.49763989    
   3.51858377       3.51858377    
   3.53952765       3.53952765    
   3.56047153       3.56047153    
   3.58141565       3.58141565    
   3.60235953       3.60235953    
   3.62330341       3.62330341    
   3.64424753       3.64424753    
   3.66519141       3.66519141    
   3.68613529       3.68613529    
   3.70707941       3.70707941    
   3.72802329       3.72802329    
   3.74896717       3.74896717    
   3.76991105       3.76991105    
   3.79085517       3.79085517    
   3.81179905       3.81179905    
   3.83274293       3.83274293    
   3.85368705       3.85368705    
   3.87463093       3.87463093    
   3.89557481       3.89557481    
   3.91651893       3.91651893    
   3.93746281       3.93746281    
   3.95840669       3.95840669    
   3.97935057       3.97935057    
   4.00029469       4.00029469    
   4.02123833       4.02123833    
   4.04218245       4.04218245    
   4.06312656       4.06312656    
   4.08407021       4.08407021    
   4.10501432       4.10501432    
   4.12595844       4.12595844    
   4.14690208       4.14690208    
   4.16784620       4.16784620    
   4.18879032       4.18879032    
   4.20973396       4.20973396    
   4.23067808       4.23067808    
   4.25162220       4.25162220    
   4.27256584       4.27256584    
   4.29350996       4.29350996    
   4.31445408       4.31445408    
   4.33539772       4.33539772    
   4.35634184       4.35634184    
   4.37728596       4.37728596    
   4.39822960       4.39822960    
   4.41917372       4.41917372    
   4.44011736       4.44011736    
   4.46106148       4.46106148    
   4.48200560       4.48200560    
   4.50294924       4.50294924    
   4.52389336       4.52389336    
   4.54483747       4.54483747    
   4.56578112       4.56578112    
   4.58672523       4.58672523    
   4.60766935       4.60766935    
   4.62861300       4.62861300    
   4.64955711       4.64955711    
   4.67050123       4.67050123    
   4.69144487       4.69144487    
   4.71238899       4.71238899    
   4.73333311       4.73333311    
   4.75427675       4.75427675    
   4.77522087       4.77522087    
   4.79616451       4.79616451    
   4.81710863       4.81710863    
   4.83805275       4.83805275    
   4.85899639       4.85899639    
   4.87994051       4.87994051    
   4.90088463       4.90088463    
   4.92182827       4.92182827    
   4.94277239       4.94277239    
   4.96371651       4.96371651    
   4.98466015       4.98466015    
   5.00560427       5.00560427    
   5.02654839       5.02654839    
   5.04749203       5.04749203    
   5.06843615       5.06843615    
   5.08938026       5.08938026    
   5.11032391       5.11032391    
   5.13126802       5.13126802    
   5.15221214       5.15221214    
   5.17315578       5.17315578    
   5.19409990       5.19409990    
   5.21504354       5.21504354    
   5.23598766       5.23598766    
   5.25693178       5.25693178    
   5.27787542       5.27787542    
   5.29881954       5.29881954    
   5.31976366       5.31976366    
   5.34070730       5.34070730    
   5.36165142       5.36165142    
   5.38259554       5.38259554    
   5.40353918       5.40353918    
   5.42448330       5.42448330    
   5.44542742       5.44542742    
   5.46637106       5.46637106    
   5.48731518       5.48731518    
   5.50825930       5.50825930    
   5.52920294       5.52920294    
   5.55014706       5.55014706    
   5.57109070       5.57109070    
   5.59203482       5.59203482    
   5.61297894       5.61297894    
   5.63392258       5.63392258    
   5.65486670       5.65486670    
   5.67581081       5.67581081    
   5.69675446       5.69675446    
   5.71769857       5.71769857    
   5.73864269       5.73864269    
   5.75958633       5.75958633    
   5.78053045       5.78053045    
   5.80147457       5.80147457    
   5.82241821       5.82241821    
   5.84336233       5.84336233    
   5.86430645       5.86430645    
   5.88525009       5.88525009    
   5.90619421       5.90619421    
   5.92713833       5.92713833    
   5.94808197       5.94808197    
   5.96902609       5.96902609    
   5.98996973       5.98996973    
   6.01091385       6.01091385    
   6.03185797       6.03185797    
   6.05280161       6.05280161    
   6.07374573       6.07374573    
   6.09468985       6.09468985    
   6.11563349       6.11563349    
   6.13657761       6.13657761    
   6.15752172       6.15752172    
   6.17846537       6.17846537    
   6.19940948       6.19940948    
   6.22035360       6.22035360    
   6.24129725       6.24129725    
   6.26224136       6.26224136    
   6.28318548       6.28318548    
