   0.00000000       0.00000000    
   2.09439509E-02   2.09424198E-02
   4.18879017E-02   4.18756530E-02
   6.28318489E-02   6.27905130E-02
   8.37758034E-02   8.36778432E-02
  0.104719758      0.104528464    
  0.125663698      0.125333235    
  0.146607652      0.146083027    
  0.167551607      0.166768745    
  0.188495561      0.187381312    
  0.209439516      0.207911700    
  0.230383456      0.228350878    
  0.251327395      0.248689890    
  0.272271365      0.268919826    
  0.293215305      0.289031833    
  0.314159274      0.309017062    
  0.335103214      0.328866750    
  0.356047153      0.348572195    
  0.376991123      0.368124753    
  0.397935063      0.387515903    
  0.418879032      0.406737119    
  0.439822972      0.425779909    
  0.460766912      0.444636047    
  0.481710881      0.463297248    
  0.502654791      0.481755257    
  0.523598790      0.500002146    
  0.544542730      0.518029809    
  0.565486670      0.535830438    
  0.586430609      0.553396285    
  0.607374549      0.570719540    
  0.628318548      0.587792873    
  0.649262488      0.604608715    
  0.670206428      0.621159732    
  0.691150367      0.637438834    
  0.712094307      0.653438866    
  0.733038306      0.669153035    
  0.753982246      0.684574366    
  0.774926186      0.699696362    
  0.795870125      0.714512467    
  0.816814065      0.729016304    
  0.837758064      0.743201733    
  0.858702004      0.757062674    
  0.879645944      0.770593226    
  0.900589883      0.783787668    
  0.921533823      0.796640575    
  0.942477763      0.809146464    
  0.963421762      0.821300149    
  0.984365702      0.833096564    
   1.00530958      0.844530940    
   1.02625358      0.855598688    
   1.04719758      0.866295338    
   1.06814146      0.876616478    
   1.08908546      0.886558294    
   1.11002934      0.896116734    
   1.13097334      0.905288398    
   1.15191734      0.914069653    
   1.17286122      0.922457516    
   1.19380522      0.930448711    
   1.21474910      0.938040733    
   1.23569310      0.945230961    
   1.25663710      0.952017128    
   1.27758098      0.958397150    
   1.29852498      0.964369237    
   1.31946886      0.969931841    
   1.34041286      0.975083530    
   1.36135685      0.979823470    
   1.38230073      0.984150648    
   1.40324473      0.988064706    
   1.42418861      0.991565108    
   1.44513261      0.994652033    
   1.46607661      0.997325778    
   1.48702049      0.999586821    
   1.50796449       1.00143600    
   1.52890837       1.00287437    
   1.54985237       1.00390351    
   1.57079637       1.00452483    
   1.59174025       1.00474060    
   1.61268425       1.00455308    
   1.63362813       1.00396478    
   1.65457213       1.00297844    
   1.67551613       1.00159776    
   1.69646001      0.999825835    
   1.71740401      0.997666955    
   1.73834789      0.995124876    
   1.75929189      0.992204428    
   1.78023577      0.988910496    
   1.80117977      0.985247970    
   1.82212377      0.981222749    
   1.84306765      0.976840556    
   1.86401165      0.972107470    
   1.88495553      0.967030406    
   1.90589952      0.961616099    
   1.92684352      0.955871940    
   1.94778740      0.949805737    
   1.96873140      0.943425238    
   1.98967528      0.936739206    
   2.01061916      0.929756403    
   2.03156328      0.922485411    
   2.05250716      0.914936662    
   2.07345104      0.907119870    
   2.09439516      0.899044991    
   2.11533904      0.890723228    
   2.13628292      0.882165670    
   2.15722704      0.873383820    
   2.17817092      0.864389658    
   2.19911480      0.855195522    
   2.22005868      0.845814228    
   2.24100280      0.836259127    
   2.26194668      0.826544106    
   2.28289056      0.816682816    
   2.30383468      0.806689560    
   2.32477856      0.796580493    
   2.34572244      0.786370039    
   2.36666656      0.776073992    
   2.38761044      0.765709043    
   2.40855432      0.755292058    
   2.42949820      0.744840086    
   2.45044231      0.734370530    
   2.47138619      0.723902047    
   2.49233007      0.713453352    
   2.51327419      0.703042865    
   2.53421807      0.692690909    
   2.55516195      0.682416975    
   2.57610607      0.672241807    
   2.59704995      0.662186801    
   2.61799383      0.652272940    
   2.63893771      0.642523050    
   2.65988183      0.632958412    
   2.68082571      0.623603344    
   2.70176959      0.614480734    
   2.72271371      0.605615258    
   2.74365759      0.597030878    
   2.76460147      0.588752866    
   2.78554535      0.580807090    
   2.80648947      0.573219776    
   2.82743335      0.566017151    
   2.84837723      0.559226990    
   2.86932135      0.552876830    
   2.89026523      0.546995044    
   2.91120911      0.541610956    
   2.93215322      0.536753654    
   2.95309711      0.532453060    
   2.97404099      0.528740168    
   2.99498487      0.525645494    
   3.01592898      0.523201466    
   3.03687286      0.521440029    
   3.05781674      0.520393848    
   3.07876086      0.520097017    
   3.09970474      0.520583630    
   3.12064862      0.521887064    
   3.14159274      0.524044037    
   3.16253662      0.527089357    
   3.18348050      0.531060219    
   3.20442438      0.535994053    
   3.22536850      0.541926622    
   3.24631238      0.548897982    
   3.26725626      0.556946993    
   3.28820038      0.566112280    
   3.30914426      0.576434135    
   3.33008814      0.587953806    
   3.35103226      0.600713015    
   3.37197614      0.614753246    
   3.39292002      0.630117416    
   3.41386390      0.646849632    
   3.43480802      0.664992332    
   3.45575190      0.684590816    
   3.47669578      0.705690622    
   3.49763989      0.728338003    
   3.51858377      0.752579689    
   3.53952765      0.778463125    
   3.56047153      0.806034565    
   3.58141565      0.835344791    
   3.60235953      0.866442680    
   3.62330341      0.899376869    
   3.64424753      0.934201717    
   3.66519141      0.970964909    
   3.68613529       1.00971985    
   3.70707941       1.05051947    
   3.72802329       1.09341860    
   3.74896717       1.13846922    
   3.76991105       1.18572760    
   3.79085517       1.23524904    
   3.81179905       1.28709173    
   3.83274293       1.34131050    
   3.85368705       1.39796543    
   3.87463093       1.45711422    
   3.89557481       1.51881361    
   3.91651893       1.58312893    
   3.93746281       1.65011692    
   3.95840669       1.71984100    
   3.97935057       1.79236364    
   4.00029469       1.86774731    
   4.02123833       1.94605637    
   4.04218245       2.02735472    
   4.06312656       2.11170864    
   4.08407021       2.19918537    
   4.10501432       2.28985071    
   4.12595844       2.38377285    
   4.14690208       2.48101807    
   4.16784620       2.58165979    
   4.18879032       2.68576908    
   4.20973396       2.79341030    
   4.23067808       2.90465832    
   4.25162220       3.01959038    
   4.27256584       3.13827038    
   4.29350996       3.26078320    
   4.31445408       3.38720131    
   4.33539772       3.51759338    
   4.35634184       3.65204334    
   4.37728596       3.79062748    
   4.39822960       3.93341923    
   4.41917372       4.08050632    
   4.44011736       4.23195839    
   4.46106148       4.38787079    
   4.48200560       4.54831409    
   4.50294924       4.71336937    
   4.52389336       4.88312912    
   4.54483747       5.05767250    
   4.56578112       5.23708344    
   4.58672523       5.42145157    
   4.60766935       5.61086273    
   4.62861300       5.80540276    
   4.64955711       6.00516701    
   4.67050123       6.21023941    
   4.69144487       6.42070580    
   4.71238899       6.63666534    
   4.73333311       6.85821342    
   4.75427675       7.08543205    
   4.77522087       7.31842422    
   4.79616451       7.55727863    
   4.81710863       7.80210114    
   4.83805275       8.05298042    
   4.85899639       8.31001377    
   4.87994051       8.57330704    
   4.90088463       8.84295654    
   4.92182827       9.11905384    
   4.94277239       9.40171814    
   4.96371651       9.69103813    
   4.98466015       9.98712063    
   5.00560427       10.2900753    
   5.02654839       10.6000080    
   5.04749203       10.9170132    
   5.06843615       11.2412052    
   5.08938026       11.5726948    
   5.11032391       11.9115887    
   5.13126802       12.2580032    
   5.15221214       12.6120396    
   5.17315578       12.9738140    
   5.19409990       13.3434429    
   5.21504354       13.7210350    
   5.23598766       14.1067085    
   5.25693178       14.5005856    
   5.27787542       14.9027691    
   5.29881954       15.3133965    
   5.31976366       15.7325687    
   5.34070730       16.1604137    
   5.36165142       16.5970573    
   5.38259554       17.0426178    
   5.40353918       17.4972076    
   5.42448330       17.9609795    
   5.44542742       18.4340324    
   5.46637106       18.9164944    
   5.48731518       19.4085121    
   5.50825930       19.9102039    
   5.52920294       20.4216785    
   5.55014706       20.9431038    
   5.57109070       21.4745846    
   5.59203482       22.0162697    
   5.61297894       22.5682907    
   5.63392258       23.1307602    
   5.65486670       23.7038479    
   5.67581081       24.2876740    
   5.69675446       24.8823624    
   5.71769857       25.4880924    
   5.73864269       26.1049614    
   5.75958633       26.7331352    
   5.78053045       27.3727474    
   5.80147457       28.0239639    
   5.82241821       28.6868820    
   5.84336233       29.3616924    
   5.86430645       30.0485382    
   5.88525009       30.7475319    
   5.90619421       31.4588566    
   5.92713833       32.1826668    
   5.94808197       32.9190750    
   5.96902609       33.6682739    
   5.98996973       34.4303894    
   6.01091385       35.2056046    
   6.03185797       35.9940643    
   6.05280161       36.7958984    
   6.07374573       37.6113167    
   6.09468985       38.4404373    
   6.11563349       39.2834320    
   6.13657761       40.1404800    
   6.15752172       41.0117188    
   6.17846537       41.8973351    
   6.19940948       42.7974854    
   6.22035360       43.7123260    
   6.24129725       44.6420288    
   6.26224136       45.5867844    
   6.28318548       46.5467415    
