   0.00000000       0.00000000    
   2.09439509E-02   2.09424198E-02
   4.18879017E-02   4.18756530E-02
   6.28318489E-02   6.27905056E-02
   8.37758034E-02   8.36778060E-02
  0.104719758      0.104528360    
  0.125663698      0.125332966    
  0.146607652      0.146082461    
  0.167551607      0.166767642    
  0.188495561      0.187379330    
  0.209439516      0.207908347    
  0.230383456      0.228345469    
  0.251327395      0.248681530    
  0.272271365      0.268907368    
  0.293215305      0.289013773    
  0.314159274      0.308991551    
  0.335103214      0.328831524    
  0.356047153      0.348524511    
  0.376991123      0.368061304    
  0.397935063      0.387432754    
  0.418879032      0.406629652    
  0.439822972      0.425642759    
  0.460766912      0.444462985    
  0.481710881      0.463081092    
  0.502654791      0.481487840    
  0.523598790      0.499674201    
  0.544542730      0.517630816    
  0.565486670      0.535348594    
  0.586430609      0.552818298    
  0.607374549      0.570030749    
  0.628318548      0.586976826    
  0.649262488      0.603647292    
  0.670206428      0.620032907    
  0.691150367      0.636124551    
  0.712094307      0.651913047    
  0.733038306      0.667389214    
  0.753982246      0.682543755    
  0.774926186      0.697367609    
  0.795870125      0.711851537    
  0.816814065      0.725986362    
  0.837758064      0.739762902    
  0.858702004      0.753171921    
  0.879645944      0.766204298    
  0.900589883      0.778850794    
  0.921533823      0.791102290    
  0.942477763      0.802949548    
  0.963421762      0.814383388    
  0.984365702      0.825394630    
   1.00530958      0.835974038    
   1.02625358      0.846112490    
   1.04719758      0.855800807    
   1.06814146      0.865029693    
   1.08908546      0.873790145    
   1.11002934      0.882072747    
   1.13097334      0.889868557    
   1.15191734      0.897168159    
   1.17286122      0.903962612    
   1.19380522      0.910242438    
   1.21474910      0.915998697    
   1.23569310      0.921222091    
   1.25663710      0.925903440    
   1.27758098      0.930033565    
   1.29852498      0.933603287    
   1.31946886      0.936603427    
   1.34041286      0.939024687    
   1.36135685      0.940858126    
   1.38230073      0.942094326    
   1.40324473      0.942724228    
   1.42418861      0.942738533    
   1.44513261      0.942128122    
   1.46607661      0.940883815    
   1.48702049      0.938996434    
   1.50796449      0.936456740    
   1.52890837      0.933255613    
   1.54985237      0.929383874    
   1.57079637      0.924832225    
   1.59174025      0.919591546    
   1.61268425      0.913652718    
   1.63362813      0.907006502    
   1.65457213      0.899643540    
   1.67551613      0.891554892    
   1.69646001      0.882731259    
   1.71740401      0.873163581    
   1.73834789      0.862842441    
   1.75929189      0.851758778    
   1.78023577      0.839903593    
   1.80117977      0.827267289    
   1.82212377      0.813840985    
   1.84306765      0.799615502    
   1.86401165      0.784581304    
   1.88495553      0.768729687    
   1.90589952      0.752051115    
   1.92684352      0.734536529    
   1.94778740      0.716176867    
   1.96873140      0.696962595    
   1.98967528      0.676885009    
   2.01061916      0.655934691    
   2.03156328      0.634101868    
   2.05250716      0.611378312    
   2.07345104      0.587754607    
   2.09439516      0.563220859    
   2.11533904      0.537768722    
   2.13628292      0.511388898    
   2.15722704      0.484071612    
   2.17817092      0.455808282    
   2.19911480      0.426589489    
   2.22005868      0.396406054    
   2.24100280      0.365248442    
   2.26194668      0.333108425    
   2.28289056      0.299975991    
   2.30383468      0.265841484    
   2.32477856      0.230697393    
   2.34572244      0.194533348    
   2.36666656      0.157339811    
   2.38761044      0.119108438    
   2.40855432       7.98299313E-02
   2.42949820       3.94949913E-02
   2.45044231      -1.90639496E-03
   2.47138619      -4.43820953E-02
   2.49233007      -8.79414082E-02
   2.51327419     -0.132595062    
   2.53421807     -0.178350210    
   2.55516195     -0.225217342    
   2.57610607     -0.273205757    
   2.59704995     -0.322323561    
   2.61799383     -0.372580767    
   2.63893771     -0.423985720    
   2.65988183     -0.476549625    
   2.68082571     -0.530279398    
   2.70176959     -0.585185051    
   2.72271371     -0.641276121    
   2.74365759     -0.698561192    
   2.76460147     -0.757049799    
   2.78554535     -0.816751242    
   2.80648947     -0.877674818    
   2.82743335     -0.939829111    
   2.84837723      -1.00322342    
   2.86932135      -1.06786799    
   2.89026523      -1.13377070    
   2.91120911      -1.20094109    
   2.93215322      -1.26938915    
   2.95309711      -1.33912253    
   2.97404099      -1.41015148    
   2.99498487      -1.48248506    
   3.01592898      -1.55613303    
   3.03687286      -1.63110304    
   3.05781674      -1.70740533    
   3.07876086      -1.78504920    
   3.09970474      -1.86404324    
   3.12064862      -1.94439721    
   3.14159274      -2.02612042    
   3.16253662      -2.10922098    
   3.18348050      -2.19370914    
   3.20442438      -2.27959251    
   3.22536850      -2.36688375    
   3.24631238      -2.45558858    
   3.26725626      -2.54571676    
   3.28820038      -2.63727999    
   3.30914426      -2.73028445    
   3.33008814      -2.82474041    
   3.35103226      -2.92065763    
   3.37197614      -3.01804423    
   3.39292002      -3.11690998    
   3.41386390      -3.21726298    
   3.43480802      -3.31911540    
   3.45575190      -3.42247391    
   3.47669578      -3.52734780    
   3.49763989      -3.63374782    
   3.51858377      -3.74168110    
   3.53952765      -3.85115695    
   3.56047153      -3.96218586    
   3.58141565      -4.07477856    
   3.60235953      -4.18894005    
   3.62330341      -4.30468225    
   3.64424753      -4.42201471    
   3.66519141      -4.54094410    
   3.68613529      -4.66148186    
   3.70707941      -4.78363848    
   3.72802329      -4.90741920    
   3.74896717      -5.03283501    
   3.76991105      -5.15989590    
   3.79085517      -5.28861141    
   3.81179905      -5.41898823    
   3.83274293      -5.55103779    
   3.85368705      -5.68476868    
   3.87463093      -5.82018948    
   3.89557481      -5.95730972    
   3.91651893      -6.09614086    
   3.93746281      -6.23668766    
   3.95840669      -6.37896156    
   3.97935057      -6.52297163    
   4.00029469      -6.66872978    
   4.02123833      -6.81623745    
   4.04218245      -6.96551561    
   4.06312656      -7.11656475    
   4.08407021      -7.26939297    
   4.10501432      -7.42401648    
   4.12595844      -7.58043957    
   4.14690208      -7.73866940    
   4.16784620      -7.89872313    
   4.18879032      -8.06060410    
   4.20973396      -8.22431850    
   4.23067808      -8.38988495    
   4.25162220      -8.55730438    
   4.27256584      -8.72658634    
   4.29350996      -8.89774704    
   4.31445408      -9.07078934    
   4.33539772      -9.24572182    
   4.35634184      -9.42255974    
   4.37728596      -9.60130882    
   4.39822960      -9.78197289    
   4.41917372      -9.96457100    
   4.44011736      -10.1491032    
   4.46106148      -10.3355875    
   4.48200560      -10.5240288    
   4.50294924      -10.7144318    
   4.52389336      -10.9068127    
   4.54483747      -11.1011810    
   4.56578112      -11.2975349    
   4.58672523      -11.4958992    
   4.60766935      -11.6962757    
   4.62861300      -11.8986683    
   4.64955711      -12.1030922    
   4.67050123      -12.3095570    
   4.69144487      -12.5180683    
   4.71238899      -12.7286415    
   4.73333311      -12.9412804    
   4.75427675      -13.1559925    
   4.77522087      -13.3727951    
   4.79616451      -13.5916872    
   4.81710863      -13.8126869    
   4.83805275      -14.0357990    
   4.85899639      -14.2610292    
   4.87994051      -14.4883976    
   4.90088463      -14.7179050    
   4.92182827      -14.9495573    
   4.94277239      -15.1833744    
   4.96371651      -15.4193573    
   4.98466015      -15.6575117    
   5.00560427      -15.8978615    
   5.02654839      -16.1404057    
   5.04749203      -16.3851471    
   5.06843615      -16.6321106    
   5.08938026      -16.8812981    
   5.11032391      -17.1327095    
   5.13126802      -17.3863716    
   5.15221214      -17.6422825    
   5.17315578      -17.9004478    
   5.19409990      -18.1608887    
   5.21504354      -18.4235992    
   5.23598766      -18.6886101    
   5.25693178      -18.9559116    
   5.27787542      -19.2255116    
   5.29881954      -19.4974365    
   5.31976366      -19.7716885    
   5.34070730      -20.0482616    
   5.36165142      -20.3271904    
   5.38259554      -20.6084633    
   5.40353918      -20.8920975    
   5.42448330      -21.1781044    
   5.44542742      -21.4664917    
   5.46637106      -21.7572613    
   5.48731518      -22.0504341    
   5.50825930      -22.3460178    
   5.52920294      -22.6440067    
   5.55014706      -22.9444313    
   5.57109070      -23.2472820    
   5.59203482      -23.5525818    
   5.61297894      -23.8603363    
   5.63392258      -24.1705437    
   5.65486670      -24.4832325    
   5.67581081      -24.7984009    
   5.69675446      -25.1160507    
   5.71769857      -25.4362087    
   5.73864269      -25.7588730    
   5.75958633      -26.0840492    
   5.78053045      -26.4117565    
   5.80147457      -26.7420006    
   5.82241821      -27.0747833    
   5.84336233      -27.4101238    
   5.86430645      -27.7480316    
   5.88525009      -28.0885010    
   5.90619421      -28.4315624    
   5.92713833      -28.7772141    
   5.94808197      -29.1254578    
   5.96902609      -29.4763165    
   5.98996973      -29.8297901    
   6.01091385      -30.1858902    
   6.03185797      -30.5446377    
   6.05280161      -30.9060154    
   6.07374573      -31.2700615    
   6.09468985      -31.6367664    
   6.11563349      -32.0061417    
   6.13657761      -32.3782043    
   6.15752172      -32.7529602    
   6.17846537      -33.1304054    
   6.19940948      -33.5105743    
   6.22035360      -33.8934631    
   6.24129725      -34.2790680    
   6.26224136      -34.6674194    
   6.28318548      -35.0585213    
