   0.00000000      -0.00000000    
   2.09439509E-02  -2.09424198E-02
   4.18879017E-02  -4.18756530E-02
   6.28318489E-02  -6.27905130E-02
   8.37758034E-02  -8.36778432E-02
  0.104719758     -0.104528464    
  0.125663698     -0.125333220    
  0.146607652     -0.146083027    
  0.167551607     -0.166768745    
  0.188495561     -0.187381312    
  0.209439516     -0.207911700    
  0.230383456     -0.228350863    
  0.251327395     -0.248689875    
  0.272271365     -0.268919826    
  0.293215305     -0.289031774    
  0.314159274     -0.309017003    
  0.335103214     -0.328866631    
  0.356047153     -0.348572046    
  0.376991123     -0.368124545    
  0.397935063     -0.387515575    
  0.418879032     -0.406736642    
  0.439822972     -0.425779283    
  0.460766912     -0.444635183    
  0.481710881     -0.463296056    
  0.502654791     -0.481753647    
  0.523598790     -0.500000000    
  0.544542730     -0.518027008    
  0.565486670     -0.535826802    
  0.586430609     -0.553391516    
  0.607374549     -0.570713520    
  0.628318548     -0.587785244    
  0.649262488     -0.604599118    
  0.670206428     -0.621147752    
  0.691150367     -0.637423992    
  0.712094307     -0.653420568    
  0.733038306     -0.669130623    
  0.753982246     -0.684547126    
  0.774926186     -0.699663341    
  0.795870125     -0.714472651    
  0.816814065     -0.728968620    
  0.837758064     -0.743144870    
  0.858702004     -0.756995082    
  0.879645944     -0.770513237    
  0.900589883     -0.783693433    
  0.921533823     -0.796529889    
  0.942477763     -0.809017003    
  0.963421762     -0.821149230    
  0.984365702     -0.832921267    
   1.00530958     -0.844327867    
   1.02625358     -0.855364263    
   1.04719758     -0.866025448    
   1.06814146     -0.876306653    
   1.08908546     -0.886203587    
   1.11002934     -0.895711720    
   1.13097334     -0.904827058    
   1.15191734     -0.913545489    
   1.17286122     -0.921863139    
   1.19380522     -0.929776490    
   1.21474910     -0.937281966    
   1.23569310     -0.944376349    
   1.25663710     -0.951056540    
   1.27758098     -0.957319498    
   1.29852498     -0.963162541    
   1.31946886     -0.968583167    
   1.34041286     -0.973578930    
   1.36135685     -0.978147626    
   1.38230073     -0.982287228    
   1.40324473     -0.985996068    
   1.42418861     -0.989272296    
   1.44513261     -0.992114723    
   1.46607661     -0.994521916    
   1.48702049     -0.996492863    
   1.50796449     -0.998026729    
   1.52890837     -0.999122798    
   1.54985237     -0.999780655    
   1.57079637      -1.00000000    
   1.59174025     -0.999780655    
   1.61268425     -0.999122858    
   1.63362813     -0.998026729    
   1.65457213     -0.996492863    
   1.67551613     -0.994521916    
   1.69646001     -0.992114723    
   1.71740401     -0.989272356    
   1.73834789     -0.985996068    
   1.75929189     -0.982287228    
   1.78023577     -0.978147626    
   1.80117977     -0.973578930    
   1.82212377     -0.968583167    
   1.84306765     -0.963162601    
   1.86401165     -0.957319498    
   1.88495553     -0.951056540    
   1.90589952     -0.944376349    
   1.92684352     -0.937281966    
   1.94778740     -0.929776490    
   1.96873140     -0.921863139    
   1.98967528     -0.913545489    
   2.01061916     -0.904827118    
   2.03156328     -0.895711720    
   2.05250716     -0.886203587    
   2.07345104     -0.876306713    
   2.09439516     -0.866025388    
   2.11533904     -0.855364263    
   2.13628292     -0.844327986    
   2.15722704     -0.832921207    
   2.17817092     -0.821149230    
   2.19911480     -0.809017003    
   2.22005868     -0.796530008    
   2.24100280     -0.783693433    
   2.26194668     -0.770513237    
   2.28289056     -0.756995142    
   2.30383468     -0.743144810    
   2.32477856     -0.728968620    
   2.34572244     -0.714472711    
   2.36666656     -0.699663281    
   2.38761044     -0.684547067    
   2.40855432     -0.669130623    
   2.42949820     -0.653420687    
   2.45044231     -0.637423933    
   2.47138619     -0.621147811    
   2.49233007     -0.604599178    
   2.51327419     -0.587785184    
   2.53421807     -0.570713580    
   2.55516195     -0.553391635    
   2.57610607     -0.535826743    
   2.59704995     -0.518027008    
   2.61799383     -0.500000060    
   2.63893771     -0.481753767    
   2.65988183     -0.463295996    
   2.68082571     -0.444635212    
   2.70176959     -0.425779372    
   2.72271371     -0.406736583    
   2.74365759     -0.387515575    
   2.76460147     -0.368124604    
   2.78554535     -0.348572165    
   2.80648947     -0.328866631    
   2.82743335     -0.309017032    
   2.84837723     -0.289031893    
   2.86932135     -0.268919766    
   2.89026523     -0.248689905    
   2.91120911     -0.228350952    
   2.93215322     -0.207911611    
   2.95309711     -0.187381297    
   2.97404099     -0.166768804    
   2.99498487     -0.146083161    
   3.01592898     -0.125333205    
   3.03687286     -0.104528494    
   3.05781674      -8.36779475E-02
   3.07876086      -6.27904609E-02
   3.09970474      -4.18756641E-02
   3.12064862      -2.09424999E-02
   3.14159274       8.74227766E-08
   3.16253662       2.09424365E-02
   3.18348050       4.18756008E-02
   3.20442438       6.27903938E-02
   3.22536850       8.36778879E-02
   3.24631238      0.104528435    
   3.26725626      0.125333130    
   3.28820038      0.146083102    
   3.30914426      0.166768745    
   3.33008814      0.187381238    
   3.35103226      0.207911789    
   3.37197614      0.228350893    
   3.39292002      0.248689845    
   3.41386390      0.268919706    
   3.43480802      0.289031833    
   3.45575190      0.309016973    
   3.47669578      0.328866571    
   3.49763989      0.348572105    
   3.51858377      0.368124545    
   3.53952765      0.387515515    
   3.56047153      0.406736523    
   3.58141565      0.425779313    
   3.60235953      0.444635153    
   3.62330341      0.463295937    
   3.64424753      0.481753707    
   3.66519141      0.499999970    
   3.68613529      0.518026948    
   3.70707941      0.535826862    
   3.72802329      0.553391576    
   3.74896717      0.570713520    
   3.76991105      0.587785125    
   3.79085517      0.604599118    
   3.81179905      0.621147752    
   3.83274293      0.637423933    
   3.85368705      0.653420627    
   3.87463093      0.669130623    
   3.89557481      0.684547067    
   3.91651893      0.699663401    
   3.93746281      0.714472711    
   3.95840669      0.728968561    
   3.97935057      0.743144751    
   4.00029469      0.756995082    
   4.02123833      0.770513058    
   4.04218245      0.783693373    
   4.06312656      0.796529949    
   4.08407021      0.809016824    
   4.10501432      0.821149170    
   4.12595844      0.832921267    
   4.14690208      0.844327807    
   4.16784620      0.855364263    
   4.18879032      0.866025448    
   4.20973396      0.876306593    
   4.23067808      0.886203587    
   4.25162220      0.895711839    
   4.27256584      0.904826999    
   4.29350996      0.913545430    
   4.31445408      0.921863198    
   4.33539772      0.929776430    
   4.35634184      0.937282026    
   4.37728596      0.944376409    
   4.39822960      0.951056480    
   4.41917372      0.957319498    
   4.44011736      0.963162482    
   4.46106148      0.968583167    
   4.48200560      0.973578930    
   4.50294924      0.978147566    
   4.52389336      0.982287228    
   4.54483747      0.985996068    
   4.56578112      0.989272296    
   4.58672523      0.992114723    
   4.60766935      0.994521916    
   4.62861300      0.996492863    
   4.64955711      0.998026729    
   4.67050123      0.999122858    
   4.69144487      0.999780655    
   4.71238899       1.00000000    
   4.73333311      0.999780655    
   4.75427675      0.999122858    
   4.77522087      0.998026729    
   4.79616451      0.996492863    
   4.81710863      0.994521916    
   4.83805275      0.992114723    
   4.85899639      0.989272356    
   4.87994051      0.985996068    
   4.90088463      0.982287228    
   4.92182827      0.978147626    
   4.94277239      0.973578930    
   4.96371651      0.968583107    
   4.98466015      0.963162601    
   5.00560427      0.957319498    
   5.02654839      0.951056480    
   5.04749203      0.944376409    
   5.06843615      0.937281966    
   5.08938026      0.929776430    
   5.11032391      0.921863198    
   5.13126802      0.913545430    
   5.15221214      0.904826999    
   5.17315578      0.895711839    
   5.19409990      0.886203527    
   5.21504354      0.876306832    
   5.23598766      0.866025448    
   5.25693178      0.855364203    
   5.27787542      0.844328046    
   5.29881954      0.832921267    
   5.31976366      0.821149170    
   5.34070730      0.809017122    
   5.36165142      0.796529949    
   5.38259554      0.783693373    
   5.40353918      0.770513356    
   5.42448330      0.756995082    
   5.44542742      0.743144751    
   5.46637106      0.728968740    
   5.48731518      0.714472651    
   5.50825930      0.699663222    
   5.52920294      0.684547186    
   5.55014706      0.669130564    
   5.57109070      0.653420806    
   5.59203482      0.637424052    
   5.61297894      0.621147752    
   5.63392258      0.604599297    
   5.65486670      0.587785304    
   5.67581081      0.570713520    
   5.69675446      0.553391755    
   5.71769857      0.535826862    
   5.73864269      0.518026888    
   5.75958633      0.500000179    
   5.78053045      0.481753707    
   5.80147457      0.463295907    
   5.82241821      0.444635332    
   5.84336233      0.425779283    
   5.86430645      0.406736493    
   5.88525009      0.387515724    
   5.90619421      0.368124545    
   5.92713833      0.348571867    
   5.94808197      0.328866750    
   5.96902609      0.309016943    
   5.98996973      0.289032042    
   6.01091385      0.268919915    
   6.03185797      0.248689815    
   6.05280161      0.228351101    
   6.07374573      0.207911760    
   6.09468985      0.187381223    
   6.11563349      0.166768953    
   6.13657761      0.146083072    
   6.15752172      0.125333115    
   6.17846537      0.104528651    
   6.19940948       8.36778581E-02
   6.22035360       6.27903715E-02
   6.24129725       4.18758132E-02
   6.26224136       2.09424123E-02
   6.28318548      -1.74845553E-07
