   0.00000000       0.00000000    
   2.09439509E-02   6.27905130E-02
   4.18879017E-02  0.125333220    
   6.28318489E-02  0.187381297    
   8.37758034E-02  0.248689875    
  0.104719758      0.309017003    
  0.125663698      0.368124515    
  0.146607652      0.425779283    
  0.167551607      0.481753647    
  0.188495561      0.535826802    
  0.209439516      0.587785244    
  0.230383456      0.637423992    
  0.251327395      0.684547067    
  0.272271365      0.728968620    
  0.293215305      0.770513237    
  0.314159274      0.809017003    
  0.335103214      0.844327867    
  0.356047153      0.876306653    
  0.376991123      0.904827058    
  0.397935063      0.929776490    
  0.418879032      0.951056540    
  0.439822972      0.968583167    
  0.460766912      0.982287228    
  0.481710881      0.992114723    
  0.502654791      0.998026729    
  0.523598790       1.00000000    
  0.544542730      0.998026729    
  0.565486670      0.992114723    
  0.586430609      0.982287228    
  0.607374549      0.968583167    
  0.628318548      0.951056480    
  0.649262488      0.929776430    
  0.670206428      0.904827118    
  0.691150367      0.876306713    
  0.712094307      0.844327986    
  0.733038306      0.809017003    
  0.753982246      0.770513237    
  0.774926186      0.728968620    
  0.795870125      0.684547067    
  0.816814065      0.637423933    
  0.837758064      0.587785184    
  0.858702004      0.535826743    
  0.879645944      0.481753558    
  0.900589883      0.425779372    
  0.921533823      0.368124604    
  0.942477763      0.309017032    
  0.963421762      0.248689905    
  0.984365702      0.187381297    
   1.00530958      0.125333428    
   1.02625358       6.27906993E-02
   1.04719758      -8.74227766E-08
   1.06814146      -6.27903938E-02
   1.08908546     -0.125333130    
   1.11002934     -0.187381238    
   1.13097334     -0.248689845    
   1.15191734     -0.309016973    
   1.17286122     -0.368124545    
   1.19380522     -0.425779313    
   1.21474910     -0.481753498    
   1.23569310     -0.535826862    
   1.25663710     -0.587785363    
   1.27758098     -0.637423933    
   1.29852498     -0.684547246    
   1.31946886     -0.728968441    
   1.34041286     -0.770513058    
   1.36135685     -0.809017122    
   1.38230073     -0.844327807    
   1.40324473     -0.876306593    
   1.42418861     -0.904826999    
   1.44513261     -0.929776430    
   1.46607661     -0.951056480    
   1.48702049     -0.968583167    
   1.50796449     -0.982287228    
   1.52890837     -0.992114723    
   1.54985237     -0.998026729    
   1.57079637      -1.00000000    
   1.59174025     -0.998026729    
   1.61268425     -0.992114723    
   1.63362813     -0.982287228    
   1.65457213     -0.968583107    
   1.67551613     -0.951056480    
   1.69646001     -0.929776430    
   1.71740401     -0.904826999    
   1.73834789     -0.876306832    
   1.75929189     -0.844327807    
   1.78023577     -0.809017122    
   1.80117977     -0.770513356    
   1.82212377     -0.728968382    
   1.84306765     -0.684547186    
   1.86401165     -0.637424052    
   1.88495553     -0.587785304    
   1.90589952     -0.535826862    
   1.92684352     -0.481753707    
   1.94778740     -0.425779283    
   1.96873140     -0.368124545    
   1.98967528     -0.309017390    
   2.01061916     -0.248690277    
   2.03156328     -0.187381223    
   2.05250716     -0.125333577    
   2.07345104      -6.27908483E-02
   2.09439516       1.74845553E-07
   2.11533904       6.27902448E-02
   2.13628292      0.125332981    
   2.15722704      0.187381566    
   2.17817092      0.248689696    
   2.19911480      0.309016824    
   2.22005868      0.368124425    
   2.24100280      0.425779194    
   2.26194668      0.481753588    
   2.28289056      0.535826743    
   2.30383468      0.587785244    
   2.32477856      0.637423992    
   2.34572244      0.684547126    
   2.36666656      0.728968620    
   2.38761044      0.770513296    
   2.40855432      0.809017062    
   2.42949820      0.844327748    
   2.45044231      0.876306772    
   2.47138619      0.904827118    
   2.49233007      0.929776371    
   2.51327419      0.951056600    
   2.53421807      0.968583226    
   2.55516195      0.982287228    
   2.57610607      0.992114723    
   2.59704995      0.998026729    
   2.61799383       1.00000000    
   2.63893771      0.998026788    
   2.65988183      0.992114663    
   2.68082571      0.982287347    
   2.70176959      0.968583286    
   2.72271371      0.951056361    
   2.74365759      0.929776669    
   2.76460147      0.904827237    
   2.78554535      0.876306891    
   2.80648947      0.844328105    
   2.82743335      0.809017181    
   2.84837723      0.770513475    
   2.86932135      0.728968859    
   2.89026523      0.684547305    
   2.91120911      0.637424171    
   2.93215322      0.587785423    
   2.95309711      0.535826981    
   2.97404099      0.481753826    
   2.99498487      0.425779432    
   3.01592898      0.368124664    
   3.03687286      0.309017092    
   3.05781674      0.248689964    
   3.07876086      0.187381372    
   3.09970474      0.125333264    
   3.12064862       6.27905205E-02
   3.14159274      -2.38497613E-08
   3.16253662      -6.27905652E-02
   3.18348050     -0.125333309    
   3.20442438     -0.187381417    
   3.22536850     -0.248690009    
   3.24631238     -0.309017152    
   3.26725626     -0.368124723    
   3.28820038     -0.425779462    
   3.30914426     -0.481753886    
   3.33008814     -0.535826981    
   3.35103226     -0.587785482    
   3.37197614     -0.637424231    
   3.39292002     -0.684547365    
   3.41386390     -0.728968203    
   3.43480802     -0.770513475    
   3.45575190     -0.809017241    
   3.47669578     -0.844327629    
   3.49763989     -0.876306891    
   3.51858377     -0.904827237    
   3.53952765     -0.929776311    
   3.56047153     -0.951056361    
   3.58141565     -0.968583286    
   3.60235953     -0.982287169    
   3.62330341     -0.992114663    
   3.64424753     -0.998026788    
   3.66519141      -1.00000000    
   3.68613529     -0.998026729    
   3.70707941     -0.992114604    
   3.72802329     -0.982287288    
   3.74896717     -0.968583226    
   3.76991105     -0.951056540    
   3.79085517     -0.929776549    
   3.81179905     -0.904827118    
   3.83274293     -0.876306713    
   3.85368705     -0.844327986    
   3.87463093     -0.809017003    
   3.89557481     -0.770513237    
   3.91651893     -0.728968620    
   3.93746281     -0.684547067    
   3.95840669     -0.637423933    
   3.97935057     -0.587785959    
   4.00029469     -0.535826683    
   4.02123833     -0.481754392    
   4.04218245     -0.425779998    
   4.06312656     -0.368124366    
   4.08407021     -0.309017688    
   4.10501432     -0.248690575    
   4.12595844     -0.187381044    
   4.14690208     -0.125333890    
   4.16784620      -6.27911463E-02
   4.18879032       3.49691106E-07
   4.20973396       6.27899393E-02
   4.23067808      0.125332683    
   4.25162220      0.187381729    
   4.27256584      0.248689398    
   4.29350996      0.309016556    
   4.31445408      0.368125021    
   4.33539772      0.425778896    
   4.35634184      0.481753320    
   4.37728596      0.535827279    
   4.39822960      0.587784946    
   4.41917372      0.637423754    
   4.44011736      0.684546888    
   4.46106148      0.728968441    
   4.48200560      0.770513058    
   4.50294924      0.809016883    
   4.52389336      0.844327807    
   4.54483747      0.876306593    
   4.56578112      0.904826999    
   4.58672523      0.929776430    
   4.60766935      0.951056480    
   4.62861300      0.968583167    
   4.64955711      0.982287228    
   4.67050123      0.992114723    
   4.69144487      0.998026729    
   4.71238899       1.00000000    
   4.73333311      0.998026729    
   4.75427675      0.992114663    
   4.77522087      0.982287228    
   4.79616451      0.968583345    
   4.81710863      0.951056480    
   4.83805275      0.929776430    
   4.85899639      0.904827356    
   4.87994051      0.876306593    
   4.90088463      0.844327807    
   4.92182827      0.809017360    
   4.94277239      0.770513058    
   4.96371651      0.728968382    
   4.98466015      0.684547544    
   5.00560427      0.637423694    
   5.02654839      0.587784886    
   5.04749203      0.535827219    
   5.06843615      0.481753260    
   5.08938026      0.425778836    
   5.11032391      0.368124962    
   5.13126802      0.309016466    
   5.15221214      0.248689339    
   5.17315578      0.187381670    
   5.19409990      0.125332609    
   5.21504354       6.27917722E-02
   5.23598766       2.78141840E-07
   5.25693178      -6.27912208E-02
   5.27787542     -0.125332057    
   5.29881954     -0.187381119    
   5.31976366     -0.248690635    
   5.34070730     -0.309015930    
   5.36165142     -0.368123561    
   5.38259554     -0.425780058    
   5.40353918     -0.481752783    
   5.42448330     -0.535825968    
   5.44542742     -0.587786019    
   5.46637106     -0.637423277    
   5.48731518     -0.684546411    
   5.50825930     -0.728969336    
   5.52920294     -0.770512700    
   5.55014706     -0.809016526    
   5.57109070     -0.844327509    
   5.59203482     -0.876306295    
   5.61297894     -0.904826701    
   5.63392258     -0.929776192    
   5.65486670     -0.951056302    
   5.67581081     -0.968582988    
   5.69675446     -0.982287109    
   5.71769857     -0.992114604    
   5.73864269     -0.998026669    
   5.75958633      -1.00000000    
   5.78053045     -0.998026788    
   5.80147457     -0.992114782    
   5.82241821     -0.982287347    
   5.84336233     -0.968583286    
   5.86430645     -0.951056659    
   5.88525009     -0.929776669    
   5.90619421     -0.904827237    
   5.92713833     -0.876306891    
   5.94808197     -0.844328105    
   5.96902609     -0.809017181    
   5.98996973     -0.770513415    
   6.01091385     -0.728968799    
   6.03185797     -0.684547305    
   6.05280161     -0.637424171    
   6.07374573     -0.587785423    
   6.09468985     -0.535826921    
   6.11563349     -0.481753826    
   6.13657761     -0.425779402    
   6.15752172     -0.368124664    
   6.17846537     -0.309017062    
   6.19940948     -0.248689935    
   6.22035360     -0.187381342    
   6.24129725     -0.125333235    
   6.26224136      -6.27904981E-02
   6.28318548       4.76995226E-08
